# Fields: 
#	Name:
#	Unity P:kPa or bar  
#	--> Must be present !!!
# Saturation Table
# 
# Temp.   Press       Press     Density  Density          Enthalpy           Entropy  Entropy
#  °C      kPa         kPa       kg/m3    kg/m3     kJ/kg   kJ/kg  kJ/kg    kJ/kg K  kJ/kg K
#        liquid        gas      liquid     gas      Liquid  latent  gas      liquid    gas
Name:R407C
Unity P:kPa
-100	2,5	1,2	1583,8	0,071	75,8	275,4	351,3	0,4409	2,069
-99	2,7	1,3	1580,4	0,078	76,9	274,9	351,9	0,4473	2,0629
-98	3	1,4	1577,1	0,085	78,1	274,4	352,5	0,4537	2,0568
-97	3,2	1,6	1573,7	0,093	79,2	273,9	353,1	0,4601	2,0509
-96	3,5	1,7	1570,4	0,102	80,3	273,4	353,7	0,4664	2,0451
-95	3,8	1,9	1567,1	0,112	81,4	272,9	354,3	0,4727	2,0394
-94	4,2	2,1	1563,7	0,122	82,6	272,4	355	0,479	2,0339
-93	4,5	2,3	1560,4	0,133	83,7	271,9	355,6	0,4853	2,0284
-92	4,9	2,5	1557	0,145	84,8	271,4	356,2	0,4915	2,023
-91	5,4	2,8	1553,7	0,158	85,9	270,9	356,8	0,4977	2,0178
-90	5,8	3	1550,3	0,172	87,1	270,4	357,4	0,5039	2,0126
-89	6,3	3,3	1546,9	0,187	88,2	269,9	358,1	0,5101	2,0075
-88	6,8	3,6	1543,6	0,203	89,3	269,4	358,7	0,5162	2,0026
-87	7,3	3,9	1540,2	0,22	90,5	268,8	359,3	0,5224	1,9977
-86	7,9	4,3	1536,9	0,238	91,6	268,3	359,9	0,5285	1,9929
-85	8,5	4,7	1533,5	0,257	92,8	267,8	360,6	0,5346	1,9882
-84	9,2	5,1	1530,1	0,278	93,9	267,3	361,2	0,5406	1,9836
-83	9,9	5,5	1526,8	0,3	95	266,8	361,8	0,5467	1,9791
-82	10,6	5,9	1523,4	0,323	96,2	266,3	362,5	0,5527	1,9747
-81	11,4	6,4	1520	0,348	97,3	265,8	363,1	0,5587	1,9703
-80	12,3	7	1516,6	0,375	98,5	265,2	363,7	0,5646	1,9661
-79	13,2	7,5	1513,2	0,403	99,6	264,7	364,4	0,5706	1,9619
-78	14,1	8,1	1509,9	0,433	100,8	264,2	365	0,5765	1,9578
-77	15,1	8,8	1506,5	0,465	102	263,7	365,6	0,5824	1,9538
-76	16,2	9,4	1503,1	0,499	103,1	263,2	366,3	0,5883	1,9498
-75	17,3	10,2	1499,7	0,535	104,3	262,6	366,9	0,5942	1,946
-74	18,5	10,9	1496,3	0,572	105,4	262,1	367,6	0,6001	1,9422
-73	19,7	11,8	1492,9	0,612	106,6	261,6	368,2	0,6059	1,9385
-72	21	12,6	1489,5	0,654	107,8	261,1	368,8	0,6117	1,9348
-71	22,4	13,5	1486,1	0,699	109	260,5	369,5	0,6175	1,9313
-70	23,9	14,5	1482,7	0,746	110,1	260	370,1	0,6233	1,9277
-69	25,4	15,6	1479,3	0,796	111,3	259,5	370,8	0,6291	1,9243
-68	27	16,7	1475,9	0,848	112,5	258,9	371,4	0,6349	1,9209
-67	28,7	17,8	1472,5	0,903	113,7	258,4	372,1	0,6406	1,9176
-66	30,5	19	1469	0,961	114,9	257,9	372,7	0,6463	1,9144
-65	32,4	20,3	1465,6	1,021	116	257,3	373,3	0,652	1,9112
-64	34,4	21,7	1462,2	1,085	117,2	256,8	374	0,6577	1,9081
-63	36,4	23,1	1458,8	1,152	118,4	256,2	374,6	0,6634	1,905
-62	38,6	24,7	1455,3	1,223	119,6	255,7	375,3	0,6691	1,902
-61	40,9	26,3	1451,9	1,297	120,8	255,1	375,9	0,6747	1,8991
-60	43,3	27,9	1448,5	1,374	122	254,6	376,6	0,6803	1,8962
-59	45,7	29,7	1445	1,455	123,2	254	377,2	0,6859	1,8933
-58	48,4	31,6	1441,6	1,54	124,4	253,5	377,9	0,6916	1,8906
-57	51,1	33,5	1438,1	1,629	125,6	252,9	378,5	0,6971	1,8878
-56	53,9	35,6	1434,7	1,722	126,8	252,3	379,2	0,7027	1,8852
-55	56,9	37,7	1431,2	1,819	128	251,8	379,8	0,7083	1,8825
-54	60	40	1427,8	1,92	129,3	251,2	380,5	0,7138	1,88
-53	63,3	42,4	1424,3	2,026	130,5	250,6	381,1	0,7194	1,8775
-52	66,6	44,9	1420,8	2,137	131,7	250,1	381,8	0,7249	1,875
-51	70,2	47,5	1417,4	2,252	132,9	249,5	382,4	0,7304	1,8726
-50	73,8	50,2	1413,9	2,372	134,2	248,9	383,1	0,7359	1,8702
-49	77,7	53	1410,4	2,497	135,4	248,3	383,7	0,7414	1,8678
-48	81,6	56	1406,9	2,628	136,6	247,7	384,4	0,7469	1,8655
-47	85,8	59,1	1403,5	2,764	137,9	247,1	385	0,7523	1,8633
-46	90,1	62,4	1400	2,905	139,1	246,6	385,6	0,7578	1,8611
-45	94,6	65,8	1396,5	3,053	140,3	246	386,3	0,7632	1,8589
-44	99,2	69,3	1393	3,206	141,6	245,4	386,9	0,7687	1,8568
-43	104	73	1389,5	3,365	142,8	244,7	387,6	0,7741	1,8547
-42	109,1	76,8	1386	3,53	144,1	244,1	388,2	0,7795	1,8527
-41	114,3	80,8	1382,4	3,702	145,3	243,5	388,9	0,7849	1,8507
-40	119,7	85	1378,9	3,88	146,6	242,9	389,5	0,7903	1,8487
-39	125,3	89,3	1375,4	4,065	147,9	242,3	390,2	0,7957	1,8468
-38	131,1	93,8	1371,9	4,257	149,1	241,7	390,8	0,8011	1,8449
-37	137,1	98,5	1368,3	4,456	150,4	241	391,4	0,8064	1,843
-36	143,3	103,4	1364,8	4,662	151,7	240,4	392,1	0,8118	1,8412
-35	149,8	108,5	1361,3	4,876	153,2	239,5	392,7	0,8184	1,8394
-34	156,4	113,8	1357,7	5,098	154,5	238,8	393,4	0,8237	1,8377
-33	163,3	119,2	1354,2	5,327	155,8	238,2	394	0,829	1,836
-32	170,5	124,9	1350,6	5,564	157,1	237,6	394,6	0,8343	1,8343
-31	177,8	130,8	1347,1	5,81	158,3	236,9	395,3	0,8396	1,8326
-30	185,5	136,9	1343,5	6,064	159,6	236,3	395,9	0,8448	1,831
-29	193,3	143,2	1339,9	6,327	160,9	235,6	396,5	0,8501	1,8294
-28	201,5	149,8	1336,3	6,599	162,2	234,9	397,2	0,8554	1,8278
-27	209,9	156,5	1332,7	6,88	163,3	234,5	397,8	0,8596	1,8263
-26	218,6	163,6	1329,2	7,171	164,4	234	398,4	0,8643	1,8248
-25	227,6	170,9	1325,6	7,472	165,7	233,3	399	0,8696	1,8233
-24	236,8	178,4	1322	7,782	167,1	232,6	399,7	0,8748	1,8218
-23	246,3	186,2	1318,3	8,102	168,4	231,9	400,3	0,8801	1,8204
-22	256,2	194,2	1314,7	8,433	169,7	231,2	400,9	0,8854	1,8189
-21	266,3	202,6	1311,1	8,775	171	230,5	401,5	0,8907	1,8176
-20	276,8	211,2	1307,5	9,127	172,4	229,7	402,1	0,8959	1,8162
-19	287,5	220,1	1303,8	9,491	173,7	229	402,7	0,9012	1,8148
-18	298,6	229,2	1300,2	9,866	175,1	228,3	403,4	0,9064	1,8135
-17	310	238,7	1296,5	10,253	176,4	227,5	404	0,9117	1,8122
-16	321,8	248,5	1292,9	10,651	177,8	226,8	404,6	0,9169	1,8109
-15	333,8	258,6	1289,2	11,062	179,1	226	405,2	0,9221	1,8097
-14	346,3	269	1285,5	11,486	180,5	225,3	405,8	0,9274	1,8084
-13	359	279,7	1281,9	11,923	181,9	224,5	406,4	0,9326	1,8072
-12	372,2	290,8	1278,2	12,372	183,2	223,7	407	0,9378	1,806
-11	385,7	302,2	1274,5	12,835	184,5	223,1	407,6	0,9425	1,8048
-10	399,6	313,9	1270,8	13,313	185,9	222,3	408,2	0,9478	1,8037
-9	413,8	326	1267,1	13,804	187,3	221,5	408,8	0,953	1,8025
-8	428,5	338,5	1263,3	14,311	188,7	220,7	409,3	0,9582	1,8014
-7	443,5	351,3	1259,6	14,831	190,1	219,9	409,9	0,9635	1,8003
-6	458,9	364,5	1255,9	15,368	191,5	219	410,5	0,9687	1,7992
-5	474,8	378,1	1252,1	15,919	192,9	218,2	411,1	0,9739	1,7981
-4	491	392,1	1248,4	16,487	194,3	217,4	411,7	0,9791	1,797
-3	507,7	406,5	1244,6	17,071	195,7	216,5	412,2	0,9843	1,7959
-2	524,8	421,2	1240,8	17,671	197,1	215,7	412,8	0,9896	1,7949
-1	542,3	436,4	1237	18,289	198,6	214,8	413,4	0,9948	1,7938
0	560,3	452	1233,2	18,924	200	213,9	413,9	1	1,7928
1	578,7	468	1229,4	19,577	201,4	213	414,5	1,0052	1,7918
2	597,6	484,5	1225,6	20,249	202,9	212,1	415	1,0104	1,7908
3	616,9	501,4	1221,8	20,939	204,3	211,2	415,6	1,0156	1,7898
4	636,7	518,7	1217,9	21,649	205,8	210,3	416,1	1,0209	1,7888
5	657	536,6	1214,1	22,378	207,3	209,4	416,6	1,0261	1,7879
6	677,8	554,8	1210,2	23,127	208,7	208,4	417,2	1,0313	1,7869
7	699	573,6	1206,3	23,898	210,2	207,5	417,7	1,0365	1,7859
8	720,8	592,8	1202,4	24,689	211,7	206,5	418,2	1,0418	1,785
9	743	612,5	1198,5	25,502	213,2	205,6	418,8	1,047	1,7841
10	765,8	632,8	1194,6	26,338	214,7	204,6	419,3	1,0522	1,7831
11	789,1	653,5	1190,7	27,196	216,2	203,6	419,8	1,0574	1,7822
12	812,9	674,7	1186,8	28,078	217,7	202,6	420,3	1,0627	1,7813
13	837,3	696,5	1182,8	28,984	219,2	201,6	420,8	1,0679	1,7804
14	862,2	718,8	1178,8	29,914	220,8	200,5	421,3	1,0732	1,7794
15	887,6	741,7	1174,8	30,87	222,3	199,5	421,8	1,0784	1,7785
16	913,6	765,1	1170,8	31,852	223,8	198,4	422,3	1,0837	1,7776
17	940,2	789,1	1166,8	32,86	225,4	197,4	422,7	1,0889	1,7767
18	967,3	813,6	1162,8	33,896	226,9	196,3	423,2	1,0942	1,7758
19	995,1	838,7	1158,7	34,96	228,5	195,2	423,7	1,0995	1,7749
20	1023,4	864,4	1154,7	36,052	230,1	194,1	424,1	1,1047	1,774
21	1052,3	890,7	1150,6	37,175	231,6	193	424,6	1,11	1,7731
22	1081,8	917,6	1146,5	38,328	233,2	191,8	425,1	1,1153	1,7722
23	1112	945,1	1142,3	39,512	234,8	190,7	425,5	1,1206	1,7713
24	1142,7	973,3	1138,2	40,728	236,4	189,5	425,9	1,1259	1,7704
25	1174,1	1002,1	1134	41,977	238	188,3	426,4	1,1312	1,7695
26	1206,1	1031,5	1129,9	43,261	239,7	187,1	426,8	1,1366	1,7686
27	1238,8	1061,6	1125,6	44,579	241,3	185,9	427,2	1,1419	1,7677
28	1272,1	1092,3	1121,4	45,934	242,9	184,7	427,6	1,1473	1,7668
29	1306	1123,7	1117,2	47,325	244,6	183,4	428	1,1526	1,7659
30	1340,7	1155,9	1112,9	48,755	246,2	182,1	428,4	1,158	1,7649
31	1376	1188,7	1108,6	50,225	247,9	180,8	428,7	1,1634	1,764
32	1412	1222,2	1104,3	51,735	249,6	179,5	429,1	1,1688	1,763
33	1448,7	1256,4	1099,9	53,287	251,3	178,2	429,5	1,1742	1,7621
34	1486,1	1291,4	1095,5	54,883	253	176,9	429,8	1,1796	1,7611
35	1524,2	1327,1	1091,1	56,523	254,7	175,5	430,2	1,185	1,7602
36	1563	1363,5	1086,7	58,209	256,4	174,1	430,5	1,1905	1,7592
37	1602,5	1400,7	1082,2	59,943	258,1	172,7	430,8	1,1959	1,7582
38	1642,8	1438,7	1077,7	61,726	259,9	171,3	431,1	1,2014	1,7572
39	1683,8	1477,5	1073,2	63,561	261,6	169,8	431,4	1,2069	1,7562
40	1725,5	1517	1068,6	65,448	263,4	168,3	431,7	1,2125	1,7551
41	1768	1557,4	1064	67,39	265,2	166,8	432	1,218	1,7541
42	1811,3	1598,6	1059,4	69,388	267	165,3	432,3	1,2236	1,753
43	1855,3	1640,6	1054,7	71,446	268,8	163,7	432,5	1,2292	1,7519
44	1900,2	1683,5	1050	73,565	270,6	162,2	432,8	1,2348	1,7508
45	1945,8	1727,2	1045,2	75,747	272,5	160,5	433	1,2404	1,7497
46	1992,2	1771,7	1040,4	77,994	274,3	158,9	433,2	1,2461	1,7485
47	2039,4	1817,2	1035,5	80,311	276,2	157,2	433,4	1,2517	1,7474
48	2087,4	1863,5	1030,6	82,699	278,1	155,5	433,6	1,2575	1,7462
49	2136,2	1910,8	1025,7	85,161	280	153,8	433,8	1,2632	1,7449
50	2185,9	1959	1020,7	87,701	281,9	152	433,9	1,269	1,7437
51	2236,4	2008,1	1015,6	90,321	283,8	150,2	434,1	1,2748	1,7424
52	2287,7	2058,1	1010,5	93,027	285,8	148,4	434,2	1,2806	1,7411
53	2339,9	2109,1	1005,3	95,82	287,7	146,5	434,3	1,2865	1,7397
54	2392,9	2161,1	1000	98,707	289,7	144,6	434,4	1,2924	1,7384
55	2446,8	2214,1	994,7	101,691	291,7	142,7	434,4	1,2984	1,7369
56	2501,6	2268,1	989,3	104,777	293,8	140,7	434,5	1,3044	1,7355
57	2557,3	2323,1	983,8	107,97	295,8	138,6	434,5	1,3105	1,734
58	2613,8	2379,1	978,2	111,277	297,9	136,6	434,5	1,3166	1,7324
59	2671,2	2436,2	972,6	114,703	300	134,4	434,4	1,3227	1,7308
60	2729,5	2494,4	966,8	118,255	302,2	132,2	434,4	1,3289	1,7291
61	2788,7	2553,6	961	121,941	304,3	130	434,3	1,3352	1,7274
62	2848,8	2614	955	125,768	306,5	127,7	434,2	1,3415	1,7256
63	2909,9	2675,4	948,9	129,746	308,7	125,3	434,1	1,3479	1,7238
64	2971,8	2738	942,7	133,884	311	122,9	433,9	1,3544	1,7219
65	3034,7	2801,8	936,3	138,194	313,3	120,4	433,7	1,3609	1,7199
66	3098,5	2866,8	929,8	142,687	315,6	117,9	433,5	1,3675	1,7178
67	3163,2	2932,9	923,2	147,378	318	115,2	433,2	1,3743	1,7157
68	3228,8	3000,3	916,3	152,282	320,4	112,5	432,9	1,3811	1,7134
69	3295,4	3068,9	909,3	157,416	322,8	109,7	432,5	1,388	1,7111
70	3362,9	3138,8	902	162,8	325,3	106,8	432,1	1,395	1,7086
71	3431,3	3210,1	894,5	168,458	327,9	103,8	431,6	1,4022	1,706
72	3500,6	3282,6	886,7	174,415	330,5	100,6	431,1	1,4095	1,7033
73	3570,8	3356,5	878,6	180,703	333,1	97,4	430,5	1,4169	1,7004
74	3642	3431,8	870,1	187,358	335,9	94	429,9	1,4246	1,6973
75	3714	3508,6	861,3	194,425	338,7	90,4	429,2	1,4324	1,6941
76	3786,9	3586,9	852	201,958	341,6	86,7	428,3	1,4404	1,6906
77	3860,6	3666,7	842,1	210,021	344,6	82,8	427,4	1,4487	1,6869
78	3935,2	3748,1	831,6	218,698	347,8	78,6	426,4	1,4573	1,6829
79	4010,5	3831,1	820,3	228,096	351	74,2	425,2	1,4663	1,6785
